Temp	FM	Psi	Date
10.8231770833333	51.0926145833333	-0.69974406434522	2010-12-15
11.2763333333333	59.2778125	-0.590704686312865	2010-12-16
9.69613541666667	65.8967916666667	-0.523554890017108	2010-12-17
12.6265833333333	69.7083125	-0.491047019624175	2010-12-18
12.4427708333333	70.7635208333333	-0.482708265022106	2010-12-19
12.272	70.9378020833333	-0.481356541795528	2010-12-20
10.80175	70.9186979166667	-0.481504366583044	2010-12-21
12.0805208333333	70.9028214285714	-0.48162728099642	2010-12-22
10.4186041666667	70.9104047619047	-0.48156856413127	2010-12-23
12.3982604166667	70.9179880952381	-0.48150986070234	2010-12-24
10.8390520833333	70.9255714285714	-0.48145117070512	2010-12-25
10.4173125	70.6826833333333	-0.483337661324761	2010-12-26
10.0441041666667	70.7447666666667	-0.482854146816755	2010-12-27
12.91078125	70.5797888888889	-0.484141023459332	2010-12-28
10.7711979166667	70.4148111111111	-0.485434353422906	2010-12-29
7.12040625	70.2498333333333	-0.486734184302808	2010-12-30
5.66272916666667	70.3634479166667	-0.485838335835768	2010-12-31
7.2355625	70.4166458333333	-0.485419934608446	2011-01-01
7.79833333333333	70.5630520833333	-0.484271935369215	2011-01-02
9.12442708333333	69.61684375	-0.491782593457233	2011-01-03
10.3337708333333	70.02628125	-0.488505970480527	2011-01-04
12.563375	70.5579270833333	-0.484312035373352	2011-01-05
15.8237083333333	70.37596875	-0.48573979866889	2011-01-06
11.6829270833333	69.6692083333333	-0.491361234795787	2011-01-07
8.74860416666667	69.5641145833333	-0.492207571691866	2011-01-08
9.623875	69.4209166666667	-0.493365181411127	2011-01-09
8.7745	69.3588020833333	-0.493868905312093	2011-01-10
12.6834166666667	67.61225	-0.508438636766161	2011-01-11
13.9547291666667	66.2704479166667	-0.520190954243227	2011-01-12
17.2027395833333	64.7156666666667	-0.534461885079301	2011-01-13
18.9691770833333	62.7622708333333	-0.553466104941139	2011-01-14
21.9568125	55.7206979166667	-0.633882299268153	2011-01-15
19.0203125	52.9335416666667	-0.672069524791208	2011-01-16
20.6832395833333	53.0270208333333	-0.670719060716632	2011-01-17
20.2090729166667	52.89628125	-0.672609237978287	2011-01-18
15.6512916666667	52.4372083333333	-0.679326235546516	2011-01-19
15.61246875	49.2181041666667	-0.730205541053816	2011-01-20
17.3598854166667	41.6191979166667	-0.884041521830899	2011-01-21
15.3128854166667	41.7583958333333	-0.880682869913589	2011-01-22
16.3353333333333	40.6933020833333	-0.907008476354302	2011-01-23
16.0706979166667	37.8198541666667	-0.985977171564146	2011-01-24
16.0331979166667	38.3386875	-0.970780477182808	2011-01-25
16.560875	37.9054375	-0.983439761218046	2011-01-26
18.4011145833333	33.8383229166667	-1.11928690248264	2011-01-27
16.5112083333333	33.2635729166667	-1.14136078585447	2011-01-28
12.65953125	33.61471875	-1.12777867743283	2011-01-29
9.85884375	37.1970729166667	-1.00481820604823	2011-01-30
10.0733333333333	68.63815625	-0.49978439790801	2011-01-31
9.41313541666667	68.3192916666667	-0.502444462304296	2011-02-01
10.5304479166667	62.7426354166667	-0.55366356658962	2011-02-02
9.74172916666667	49.5236770833333	-0.725071444883818	2011-02-03
8.29684375	45.5548333333333	-0.797513791108645	2011-02-04
11.0795416666667	43.3041979166667	-0.844934979403237	2011-02-05
14.96234375	40.9124791666667	-0.901471248446024	2011-02-06
17.07209375	37.4929791666667	-0.995782626955663	2011-02-07
12.6018958333333	35.9123541666667	-1.0458983326933	2011-02-08
12.8931145833333	32.6972395833333	-1.16392459815574	2011-02-09
14.1285208333333	26.25425	-1.49478911253171	2011-02-10
15.8467708333333	23.770625	-1.67409925747746	2011-02-11
19.04675	22.0171354166667	-1.82692265429017	2011-02-12
15.92471875	21.8049791666667	-1.84720041691028	2011-02-13
10.9657604166667	22.6020104166667	-1.77312693874704	2011-02-14
11.6385729166667	24.0501875	-1.65193302955062	2011-02-15
11.87271875	45.2189791666667	-0.804269925758684	2011-02-16
8.5089375	67.94875	-0.505569203020026	2011-02-17
8.79969791666667	66.5728125	-0.517498406675227	2011-02-18
9.36260416666667	69.669375	-0.49135989477201	2011-02-19
6.64896875	70.1917291666667	-0.487193533745969	2011-02-20
7.3815625	69.44090625	-0.493203279133876	2011-02-21
7.83358333333333	67.7696458333333	-0.507092681104502	2011-02-22
7.79904166666667	64.70153125	-0.534594998635902	2011-02-23
8.81388541666667	61.0973020833333	-0.570692770248241	2011-02-24
8.68788541666667	57.4124375	-0.612633392530646	2011-02-25
7.89108333333333	66.380625	-0.519206791101374	2011-02-26
5.26395833333333	67.9430729166667	-0.505617360980544	2011-02-27
9.2076875	64.6175833333333	-0.535386822219099	2011-02-28
9.28847916666667	57.1249375	-0.616149566718208	2011-03-01
10.1202604166667	53.8593854166667	-0.658915160681947	2011-03-02
12.6196875	52.7267916666667	-0.675074578798416	2011-03-03
11.8587083333333	51.7801041666667	-0.689162694116016	2011-03-04
19.0811041666667	45.7204166666667	-0.794221946957624	2011-03-05
14.2588645833333	39.1864583333333	-0.946874526355883	2011-03-06
11.0624375	58.0620729166667	-0.604825365629936	2011-03-07
10.8482708333333	67.36890625	-0.510532815667091	2011-03-08
17.530125	63.2766530612245	-0.548339963824094	2011-03-09
17.7805833333333	54.8909693877551	-0.644816975130868	2011-03-10
14.62384375	49.7538645833333	-0.721248485265439	2011-03-11
12.0785208333333	44.9067708333333	-0.810647422272036	2011-03-12
11.7858854166667	40.6034270833333	-0.909297549405929	2011-03-13
13.5787395833333	37.3063020833333	-1.00146500440344	2011-03-14
15.37309375	34.5111666666667	-1.09444388187495	2011-03-15
14.3015	32.0740520833333	-1.18974016212663	2011-03-16
13.3628645833333	30.6751770833333	-1.25178637194072	2011-03-17
12.28875	29.3364583333333	-1.31711207416278	2011-03-18
10.9906041666667	27.8662708333333	-1.39661787251308	2011-03-19
10.3455104166667	27.8147083333333	-1.39956974929449	2011-03-20
8.413	66.5990625	-0.517265885196393	2011-03-21
9.08878125	69.0777395833333	-0.496160326126145	2011-03-22
8.4511875	67.7126666666667	-0.507579159932579	2011-03-23
8.02608333333333	69.5477708333333	-0.492339436461777	2011-03-24
10.2946458333333	69.6355416666667	-0.491632060323606	2011-03-25
9.26752083333333	69.8196145833333	-0.490154731136952	2011-03-26
10.7487916666667	69.7297395833333	-0.490875005700017	2011-03-27
10.7087604166667	69.8432916666667	-0.489965308775376	2011-03-28
12.2044270833333	68.8982708333333	-0.497633949575232	2011-03-29
16.1849791666667	66.0919270833333	-0.521793056312678	2011-03-30
22.3752604166667	60.04040625	-0.58215919235939	2011-03-31
22.44321875	55.0128125	-0.643189137556961	2011-04-01
15.6098645833333	49.3710833333333	-0.727626754973207	2011-04-02
13.3224479166667	44.7590104166667	-0.813698931880903	2011-04-03
14.39328125	38.3640729166667	-0.970048217111913	2011-04-04
15.3812395833333	32.7271354166667	-1.16271259265922	2011-04-05
13.2293020833333	30.20196875	-1.27416977621632	2011-04-06
12.6208645833333	29.8849895833333	-1.28958788532736	2011-04-07
8.01171875	32.559	-1.16955993597801	2011-04-08
6.58619791666667	45.7109583333333	-0.794409294204011	2011-04-09
10.2653541666667	48.3536875	-0.745105459105236	2011-04-10
12.4852395833333	37.80753125	-0.986343538954152	2011-04-11
13.02959375	30.9489270833333	-1.23917175892169	2011-04-12
12.5596041666667	27.5431770833333	-1.41530972065906	2011-04-13
12.6092083333333	25.4338854166667	-1.54987616263221	2011-04-14
18.7806979166667	22.65440625	-1.76845261936332	2011-04-15
21.31609375	21.250125	-1.90228415781715	2011-04-16
19.07240625	20.4780520833333	-1.98425934972897	2011-04-17
13.5709791666667	21.2670208333333	-1.90056138089877	2011-04-18
14.06153125	24.0716458333333	-1.65025437867068	2011-04-19
14.2059895833333	23.9038958333333	-1.6634631508076	2011-04-20
13.4653020833333	24.0738020833333	-1.65008587574388	2011-04-21
13.2276875	24.490875	-1.61808966769872	2011-04-22
13.6198958333333	23.4621458333333	-1.69921477839326	2011-04-23
12.4843854166667	23.5295833333333	-1.69366400954318	2011-04-24
13.48071875	26.10565625	-1.50449250125722	2011-04-25
14.6550104166667	23.6853854166667	-1.68096924893801	2011-04-26
16.6203020833333	22.0828854166667	-1.82072290184563	2011-04-27
18.73253125	20.7013541666667	-1.95987741097929	2011-04-28
15.02496875	19.8740729166667	-2.05314889988225	2011-04-29
15.40321875	18.6243541666667	-2.21092950732652	2011-04-30
19.44496875	16.34140625	-2.56635979033559	2011-05-01
20.7076875	15.25815625	-2.77507766842097	2011-05-02
22.99728125	14.1241875	-3.03046399155062	2011-05-03
22.72846875	13.0667291666667	-3.31159512430348	2011-05-04
19.8543958333333	12.8561354166667	-3.37350679282676	2011-05-05
15.7952083333333	13.4503125	-3.20414809951354	2011-05-06
14.3696145833333	13.5143229166667	-3.1868527404347	2011-05-07
13.22875	15.35275	-2.75559409658075	2011-05-08
11.862	17.2967395833333	-2.40540520995219	2011-05-09
12.6135729166667	16.1677604166667	-2.59780556394193	2011-05-10
13.2851770833333	13.7331864583333	-3.1290189095372	2011-05-11
14.9709791666667	12.8445802083333	-3.37696675735362	2011-05-12
16.1834479166667	12.404240625	-3.51396539861508	2011-05-13
13.9397604166667	14.4138083333333	-2.96114532492903	2011-05-14
11.8631871794872	29.32465625	-1.31771639220815	2011-05-15
10.5470587121212	53.06921875	-0.670111108233768	2011-05-16
11.7862395833333	41.9193020833333	-0.87683015890358	2011-05-17
12.128875	52.3048229166667	-0.681286698011672	2011-05-18
12.2497916666667	61.70884375	-0.56424983707152	2011-05-19
14.04953125	53.5429375	-0.663356497709703	2011-05-20
14.7538229166667	43.5935625	-0.8385442720637	2011-05-21
14.0374791666667	35.7733645833333	-1.0505321056852	2011-05-22
13.9475833333333	32.57371875	-1.16895749128648	2011-05-23
13.1919375	28.9247291666667	-1.33850650238251	2011-05-24
15.1849895833333	24.0986145833333	-1.64814919276863	2011-05-25
15.2941666666667	20.9991260416667	-1.92822672353158	2011-05-26
15.7354166666667	19.261721875	-2.12772289075744	2011-05-27
15.6880625	17.68666875	-2.34504402639279	2011-05-28
12.883	19.4970875	-2.09846622793413	2011-05-29
14.4283541666667	21.1222208333333	-1.91542154765722	2011-05-30
15.945125	16.6396427083333	-2.51398876418906	2011-05-31
14.1204270833333	15.9894302083333	-2.6308608767652	2011-06-01
13.7884479166667	15.22620625	-2.78171697764684	2011-06-02
15.6530104166667	14.049575	-3.04881768849767	2011-06-03
14.6183645833333	13.3641864583333	-3.22769885845681	2011-06-04
14.2413333333333	12.846990625	-3.3762444589634	2011-06-05
14.84175	22.7474979166667	-1.76020457712153	2011-06-06
15.2994270833333	24.5234895833333	-1.61563667331343	2011-06-07
15.0995	17.67358125	-2.34702377703518	2011-06-08
15.1999166666667	16.0618270833333	-2.61734667552333	2011-06-09
14.849	16.1993177083333	-2.59203716570779	2011-06-10
15.1646145833333	18.3449791666667	-2.24935423366877	2011-06-11
15.21665625	17.4021875	-2.38879624046385	2011-06-12
15.3701875	15.8471822916667	-2.6577990842194	2011-06-13
17.5506041666667	13.451665625	-3.20378066814581	2011-06-14
17.5758854166667	12.4572739583333	-3.49691640917	2011-06-15
16.0864375	12.3934291666667	-3.51746019304391	2011-06-16
15.9621354166667	12.7327520833333	-3.41079867739541	2011-06-17
16.975625	12.53265	-3.47295031162546	2011-06-18
15.1846041666667	12.0451083333333	-3.63365155524892	2011-06-19
16.90571875	12.9488833333333	-3.34597464872077	2011-06-20
18.2916354166667	11.337053125	-3.8934740231525	2011-06-21
18.6267291666667	10.8695979166667	-4.08492533105664	2011-06-22
18.1703229166667	10.7136708333333	-4.15276951525366	2011-06-23
17.8721875	10.5620708333333	-4.22078803109539	2011-06-24
17.4840625	10.3450791666667	-4.32186239919569	2011-06-25
17.1459270833333	10.1593760416667	-4.41203620860516	2011-06-26
19.88509375	9.81354583333333	-4.5897169136227	2011-06-27
18.1782395833333	9.78257083333333	-4.60628778040473	2011-06-28
18.1857604166667	9.88423125	-4.55231793262536	2011-06-29
18.49059375	9.634175	-4.68725869679214	2011-06-30
21.6643686594203	9.13142916666667	-4.98256884804704	2011-07-01
22.7277604166667	8.77674583333333	-5.21275452366984	2011-07-02
21.18040625	8.71604583333333	-5.25415950119119	2011-07-03
22.801	8.98354375	-5.07618130457521	2011-07-04
23.6885625	8.74935729166667	-5.23136082073341	2011-07-05
24.29059375	8.89915729166667	-5.13109153332839	2011-07-06
24.4716354166667	8.411915625	-5.47125924744023	2011-07-07
22.9097604166667	8.39162916666667	-5.48634008735361	2011-07-08
20.3603645833333	8.70065208333333	-5.26475824724425	2011-07-09
19.5755625	8.792465625	-5.20213136059047	2011-07-10
18.8425833333333	8.821346875	-5.1827194798408	2011-07-11
18.79728125	8.87986145833333	-5.14380423854618	2011-07-12
18.1274375	9.03638645833333	-5.04235503250194	2011-07-13
17.243875	9.70087916666667	-4.6505341756793	2011-07-14
18.5630833333333	10.4506083333333	-4.27214610610036	2011-07-15
18.2981666666667	9.31210729166667	-4.87251070025317	2011-07-16
18.3987395833333	8.94544270833333	-5.10083637768175	2011-07-17
20.61884375	8.63458333333333	-5.31070660925132	2011-07-18
22.24634375	8.368059375	-5.50396001486175	2011-07-19
20.1754479166667	8.26247708333333	-5.58421052942349	2011-07-20
19.2220208333333	8.44228541666667	-5.44882743118723	2011-07-21
19.14915625	8.51708020833333	-5.39431183109916	2011-07-22
19.1517708333333	8.48538229166667	-5.41728990562218	2011-07-23
19.31903125	8.43027604166667	-5.45767715675171	2011-07-24
22.2659895833333	8.2752625	-5.5743760189159	2011-07-25
22.18821875	7.70264270833333	-6.04920315313017	2011-07-26
18.9231458333333	8.315134375	-5.5439144337205	2011-07-27
18.9713958333333	8.53886770833333	-5.37862372991982	2011-07-28
19.8108854166667	8.65709791666667	-5.29496425736638	2011-07-29
19.6603854166667	8.67344583333333	-5.28358847449245	2011-07-30
19.9780833333333	10.3241052083333	-4.33187312316045	2011-07-31
22.7629375	11.1410645833333	-3.97165082780179	2011-08-01
25.6983854166667	8.217015625	-5.61944467794908	2011-08-02
23.9291145833333	7.3063625	-6.42462972642002	2011-08-03
21.3183020833333	7.63616145833333	-6.10927777255506	2011-08-04
18.43534375	7.85248541666667	-5.91778728986732	2011-08-05
19.17009375	8.15468229166667	-5.66843873085054	2011-08-06
18.4122708333333	8.25865833333333	-5.58715422176288	2011-08-07
18.16428125	8.47885520833333	-5.42204426781945	2011-08-08
18.3774375	8.52413854166667	-5.3892200774348	2011-08-09
18.0707291666667	8.55426354166667	-5.36758950470999	2011-08-10
18.0838854166667	8.66350208333333	-5.29050241166076	2011-08-11
18.7171979166667	8.7108625	-5.25772380053179	2011-08-12
19.1681770833333	8.87270416666667	-5.14853473274253	2011-08-13
20.2942083333333	8.682771875	-5.27711943009178	2011-08-14
20.1960416666667	8.59242291666667	-5.34042295085002	2011-08-15
19.8952916666667	8.58915625	-5.34273845937006	2011-08-16
19.8814895833333	8.410184375	-5.47254321092304	2011-08-17
21.0654375	8.26700729166667	-5.58072218124302	2011-08-18
18.9910416666667	8.52570208333333	-5.38809338727534	2011-08-19
18.773875	8.60071875	-5.33455108067239	2011-08-20
17.6082604166667	8.58007708333333	-5.34918394616839	2011-08-21
19.1928125	8.63922604166667	-5.30745320983477	2011-08-22
23.19653125	8.1759125	-5.65166200056612	2011-08-23
22.97303125	8.033328125	-5.76615896988767	2011-08-24
24.2596145833333	8.01199375	-5.78366596728429	2011-08-25
25.8845	7.65175520833333	-6.09508647103236	2011-08-26
27.2008854166667	7.443746875	-6.28962957526542	2011-08-27
25.4070729166667	7.57586875	-6.16473630853877	2011-08-28
23.906625	7.691384375	-6.05929840332585	2011-08-29
19.7155625	8.09640729166667	-5.71497339144745	2011-08-30
19.2528229166667	8.31331458333333	-5.54529792199038	2011-08-31
18.1955625	8.37399791666667	-5.49951057319932	2011-09-01
18.4020625	8.385896875	-5.49061558936468	2011-09-02
19.0322291666667	8.34630520833333	-5.52031715905527	2011-09-03
19.7683125	8.30965729166667	-5.54808032219564	2011-09-04
21.5695729166667	9.157059375	-4.96667353449798	2011-09-05
28.245	8.58615	-5.34487104280525	2011-09-06
29.48534375	7.70936666666667	-6.04318888465778	2011-09-07
28.6341354166667	7.20456458333333	-6.52821826737736	2011-09-08
20.930875	7.53315	-6.20460512636924	2011-09-09
16.6935729166667	9.36849583333333	-4.83909155694876	2011-09-10
18.0805104166667	11.2551333333333	-3.92579623560327	2011-09-11
18.0435416666667	9.243709375	-4.91363311953078	2011-09-12
19.98296875	8.91153854166667	-5.12296539594134	2011-09-13
18.8410208333333	9.181109375	-4.95184457485638	2011-09-14
18.3526041666667	9.33507604166667	-4.85884593125645	2011-09-15
17.0538854166667	9.77874583333333	-4.6083418544251	2011-09-16
16.59625	10.5887552083333	-4.20866436834824	2011-09-17
17.4456145833333	10.254653125	-4.36533500265625	2011-09-18
19.1066041666667	9.55538958333333	-4.7313417034292	2011-09-19
17.5556770833333	9.56965	-4.72330496186833	2011-09-20
18.0087604166667	9.630571875	-4.6892579251325	2011-09-21
17.6795833333333	9.69908958333333	-4.65151239054034	2011-09-22
18.8746875	9.81326770833333	-4.58986520571554	2011-09-23
17.5256666666667	9.9676125	-4.50893092507152	2011-09-24
16.8132291666667	10.4125072916667	-4.28997168279627	2011-09-25
16.79	10.6010510416667	-4.20309990978395	2011-09-26
19.3642291666667	10.27985	-4.35313927382515	2011-09-27
17.9156979166667	10.0436083333333	-4.47005794318695	2011-09-28
18.03828125	10.1437354166667	-4.41979237221253	2011-09-29
18.4953645833333	9.867525	-4.56110531691505	2011-09-30
21.7131458333333	9.59458020833333	-4.70931644373329	2011-10-01
23.54121875	8.78748958333333	-5.20548968435378	2011-10-02
20.2581041666667	8.849384375	-5.16400437066232	2011-10-03
14.7691770833333	10.9418552083333	-4.0541871259844	2011-10-04
13.68634375	29.0576145833333	-1.33153055063481	2011-10-05
13.0738229166667	69.6352395833333	-0.491634491647793	2011-10-06
13.6305520833333	68.3217291666667	-0.502424027164848	2011-10-07
16.51525	63.44096875	-0.546721193735542	2011-10-08
20.0611770833333	55.0135416666667	-0.64317941903206	2011-10-09
19.0274791666667	45.6086041666667	-0.796442007318085	2011-10-10
19.5059895833333	40.0519583333333	-0.923584013794504	2011-10-11
27.7730416666667	35.0565104166667	-1.07505625265118	2011-10-12
30.6724375	29.1236041666667	-1.32809166827155	2011-10-13
24.11671875	26.3928645833333	-1.48584273465243	2011-10-14
17.2853541666667	26.6466041666667	-1.46972389887467	2011-10-15
16.33034375	27.0704375	-1.44352023291828	2011-10-16
19.8081145833333	26.9366354166667	-1.45169730869086	2011-10-17
16.7589583333333	26.4468541666667	-1.48238531934873	2011-10-18
15.5435729166667	26.9870729166667	-1.44860472229448	2011-10-19
14.6809375	26.99925	-1.44785993439397	2011-10-20
15.7443645833333	26.3018958333333	-1.49170260352717	2011-10-21
19.03621875	25.8342708333333	-1.52252282221072	2011-10-22
20.3059895833333	24.9974583333333	-1.58076101251981	2011-10-23
14.9715520833333	24.85190625	-1.59131964082986	2011-10-24
14.2317395833333	26.0328020833333	-1.50929329843372	2011-10-25
15.1912708333333	28.5150833333333	-1.36044939926932	2011-10-26
16.43934375	26.7744479166667	-1.46172639972461	2011-10-27
17.6443125	24.1070625	-1.64749078333289	2011-10-28
18.5095729166667	22.6346145833333	-1.77021554550917	2011-10-29
20.2405104166667	21.7704375	-1.85054193034332	2011-10-30
20.2156041666667	20.9801770833333	-1.93021220843607	2011-10-31
15.1283854166667	20.8382395833333	-1.94520742190069	2011-11-01
19.2632083333333	19.7521979166667	-2.06759703201835	2011-11-02
18.4326458333333	17.0948416666667	-2.43781808405877	2011-11-03
12.4646041666667	31.7125791666667	-1.20521216109098	2011-11-04
9.29007291666667	64.94671875	-0.532294849765019	2011-11-05
9.14708333333333	65.6945416666667	-0.525392781287403	2011-11-06
10.2815520833333	68.9193541666667	-0.497460407963064	2011-11-07
11.87153125	68.5563541666667	-0.500464290731043	2011-11-08
15.69853125	67.00171875	-0.513723594992297	2011-11-09
18.9670833333333	62.8020416666667	-0.553066558236497	2011-11-10
17.7365625	58.2088958333333	-0.603086513743585	2011-11-11
13.5975416666667	57.5099375	-0.611449490764796	2011-11-12
14.5937708333333	65.5286354166667	-0.526909473586442	2011-11-13
13.7459270833333	65.6091041666667	-0.52617281423749	2011-11-14
13.6901666666667	64.6118333333333	-0.535441138623699	2011-11-15
12.4792395833333	63.0138229166667	-0.550948042733043	2011-11-16
15.8125729166667	61.1143958333333	-0.570510803286627	2011-11-17
10.6048333333333	58.7936979166667	-0.596252761250402	2011-11-18
11.6549270833333	57.6938958333333	-0.609227419381174	2011-11-19
10.3476041666667	56.6409791666667	-0.622154763733762	2011-11-20
10.00734375	69.1776527777778	-0.495343480514744	2011-11-21
11.13190625	68.70109375	-0.499262476003738	2011-11-22
12.64646875	68.3085416666667	-0.502534605126321	2011-11-23
11.8324479166667	67.6851458333333	-0.507814442204171	2011-11-24
10.92446875	67.0006041666667	-0.513733337453743	2011-11-25
16.9895833333333	65.9990208333333	-0.522630495656496	2011-11-26
23.6	62.54121875	-0.555696755193458	2011-11-27
21.634625	57.2294791666667	-0.614866630519694	2011-11-28
18.759875	53.6779791666667	-0.661454338222578	2011-11-29
17.0096979166667	51.3291770833333	-0.696068827281774	2011-11-30
11.9296354166667	49.0098125	-0.733744437509968	2011-12-01
13.1597083333333	46.23696875	-0.784114752060321	2011-12-02
10.5231875	44.6347083333333	-0.81628273185647	2011-12-03
11.0825416666667	42.5336875	-0.862406115807094	2011-12-04
9.85047916666667	40.6270104166667	-0.908695844509483	2011-12-05
11.9181458333333	37.5854791666667	-0.992989336092107	2011-12-06
12.444625	35.507375	-1.05950820048596	2011-12-07
11.6059270833333	34.2538020833333	-1.10382309082194	2011-12-08
12.6848229166667	33.9218958333333	-1.11614381290073	2011-12-09
15.6767708333333	32.4869583333333	-1.17251705906106	2011-12-10
9.49141666666667	31.8463333333333	-1.19944332253796	2011-12-11
9.02061458333333	38.6447291666667	-0.962021068156083	2011-12-12
9.20034375	65.8044772727273	-0.524392272129161	2011-12-13
10.071625	66.0530909090909	-0.522142811620184	2011-12-14
8.362625	65.8188868471954	-0.524261397609426	2011-12-15
11.1305208333333	65.5846827852998	-0.526396177826401	2011-12-16
13.738125	65.3504787234043	-0.5285473345533	2011-12-17
10.7268958333333	64.6483125	-0.535096719589007	2011-12-18
10.7391770833333	63.7492962962963	-0.543707768444447	2011-12-19
10.7967395833333	62.678875	-0.554305679890414	2011-12-20
11.0413229166667	61.127875	-0.570367391196723	2011-12-21
9.57560416666667	58.9825	-0.59407744978851	2011-12-22
13.7080416666667	53.6014270833333	-0.662531370651129	2011-12-23
16.49053125	47.1007291666667	-0.767743220064029	2011-12-24
17.72671875	42.0449479166667	-0.873843651009706	2011-12-25
15.5435625	38.5625833333333	-0.964357610033491	2011-12-26
13.32653125	36.5503958333333	-1.02511009926072	2011-12-27
16.612625	34.9838229166667	-1.07760303381675	2011-12-28
16.4129270833333	33.03653125	-1.15030716685698	2011-12-29
15.748875	31.55315625	-1.21215647987939	2011-12-30
15.5501666666667	30.7878020833333	-1.24656746144629	2011-12-31
19.4442083333333	29.821375	-1.29272441661944	2012-01-01
20.6196666666667	28.3827395833333	-1.36768338935157	2012-01-02
21.09765625	27.22940625	-1.43391686654381	2012-01-03
23.1687291666667	25.800125	-1.52482015962799	2012-01-04
22.7901041666667	23.6557916666667	-1.68336678501123	2012-01-05
17.55496875	23.23178125	-1.71843625830448	2012-01-06
11.3889791666667	23.6942395833333	-1.68025317449213	2012-01-07
16.30203125	23.3643958333333	-1.7073214457967	2012-01-08
18.19809375	21.4360625	-1.88348502657047	2012-01-09
13.84009375	21.2685520833333	-1.90040539234218	2012-01-10
12.79765625	21.6726354166667	-1.8600650041929	2012-01-11
18.39475	21.1086145833333	-1.91682910963827	2012-01-12
18.9566354166667	19.5037291666667	-2.09765160637474	2012-01-13
16.10425	18.5207052083333	-2.22504048152831	2012-01-14
12.8537708333333	19.1255520833333	-2.14500125645188	2012-01-15
9.57221875	49.6928020833333	-0.7222589198475	2012-01-16
8.34458333333333	61.0666666666667	-0.571019164158791	2012-01-17
8.76420833333333	60.9906041666667	-0.571831061451805	2012-01-18
10.2577604166667	60.5031666666667	-0.577085879860594	2012-01-19
10.5647395833333	59.1932083333333	-0.591667270163557	2012-01-20
10.8586666666667	61.43753125	-0.567091328836606	2012-01-21
10.5706354166667	68.5484583333333	-0.500530008336189	2012-01-22
9.40279166666667	68.6762083333333	-0.49946872098984	2012-01-23
11.0199583333333	70.0343229166667	-0.488442025513249	2012-01-24
18.66728125	69.714375	-0.490998339161143	2012-01-25
20.3166979166667	68.88090625	-0.497776966695854	2012-01-26
16.9345416666667	67.0202083333333	-0.513562029976454	2012-01-27
18.5466354166667	61.5863541666667	-0.565529369747732	2012-01-28
20.3281770833333	52.5417291666667	-0.677785879114312	2012-01-29
15.1696734693878	46.80859375	-0.773207951342805	2012-01-30
10.3045729166667	44.2258541666667	-0.824891041320255	2012-01-31
12.3742291666667	42.3079583333333	-0.867653516285986	2012-02-01
14.3510416666667	40.23909375	-0.918689072775645	2012-02-02
14.9607083333333	37.2811770833333	-1.00223444937725	2012-02-03
16.1401354166667	31.9466354166667	-1.19515118266984	2012-02-04
16.6265416666667	27.9360625	-1.39264097121111	2012-02-05
16.5709895833333	25.3615833333333	-1.55491421742529	2012-02-06
14.5283958333333	24.77125	-1.59722778739497	2012-02-07
14.2284583333333	26.0778229166667	-1.5063232182119	2012-02-08
20.1652708333333	24.5733645833333	-1.611898967672	2012-02-09
16.7864270833333	22.6660729166667	-1.76741496399399	2012-02-10
12.1251770833333	23.1135	-1.72846493861093	2012-02-11
11.3931354166667	24.2449166666667	-1.63681612766991	2012-02-12
10.8486875	24.16434375	-1.6430394183277	2012-02-13
8.71392708333333	26.5663125	-1.47478880726305	2012-02-14
8.70176041666667	28.74075	-1.3482786516487	2012-02-15
9.91633333333333	63.7571354166667	-0.543631559632979	2012-02-16
16.5063125	63.12071875	-0.549884505188641	2012-02-17
10.7842916666667	59.32646875	-0.590152430286696	2012-02-18
9.84495833333333	55.6607604166667	-0.634660507266884	2012-02-19
9.64955208333333	53.0866979166667	-0.669859585833427	2012-02-20
13.1386666666667	49.7576145833333	-0.721186518448227	2012-02-21
16.9158854166667	43.3043229166667	-0.844932199006221	2012-02-22
17.3691458333333	37.1807395833333	-1.00532143138668	2012-02-23
15.85696875	32.9083020833333	-1.15541831337975	2012-02-24
13.0217604166667	30.12540625	-1.27786203849358	2012-02-25
10.8635520833333	27.9587395833333	-1.39135334750975	2012-02-26
9.94385416666667	27.2378333333333	-1.43341113021875	2012-02-27
7.58970833333333	64.00215625	-0.541259632231146	2012-02-28
7.48503125	65.29603125	-0.529049798641367	2012-02-29
10.9126145833333	63.4471458333333	-0.54666051462985	2012-03-01
11.4839375	59.8282291666667	-0.584513410102121	2012-03-02
17.71790625	53.3481666666667	-0.666118138079204	2012-03-03
22.17265625	43.9243645833333	-0.831348720538495	2012-03-04
21.6759166666667	35.8686354166667	-1.04735172963818	2012-03-05
12.5983958333333	31.6373854166667	-1.20847820270937	2012-03-06
9.02540625	29.97890625	-1.28498333368612	2012-03-07
14.03121875	25.82833125	-1.52292197143122	2012-03-08
19.6372083333333	21.9787635416667	-1.83055918971337	2012-03-09
17.8662083333333	19.6457166666667	-2.08037731596613	2012-03-10
11.96721875	19.4347885416667	-2.10613640078295	2012-03-11
11.6840833333333	19.8477375	-2.05625485234932	2012-03-12
11.5949375	19.7217354166667	-2.07123817807003	2012-03-13
10.8514791666667	19.3963583333333	-2.11089417775823	2012-03-14
11.8708333333333	19.2630697916667	-2.1275531620378	2012-03-15
11.3500625	19.6663979166667	-2.07788348540281	2012-03-16
10.6709375	34.91025	-1.08019239537744	2012-03-17
6.80307291666667	68.96809375	-0.497059656170324	2012-03-18
8.7199375	68.1972291666667	-0.503469790327723	2012-03-19
9.86409375	65.3289791666667	-0.528745634398945	2012-03-20
14.59628125	60.93803125	-0.572393496616926	2012-03-21
15.3973125	54.4194375	-0.651190226026293	2012-03-22
12.1541041666667	48.7539479166667	-0.738135901597775	2012-03-23
11.6041666666667	44.774	-0.81338838863756	2012-03-24
10.3579583333333	43.48034375	-0.84103390504696	2012-03-25
10.2571770833333	68.3831354166667	-0.501909733101069	2012-03-26
10.7757291666667	68.2178958333333	-0.503295913714461	2012-03-27
10.9868958333333	66.7012291666667	-0.516362760980739	2012-03-28
12.6036354166667	64.2954895833333	-0.538445448166781	2012-03-29
13.0428125	61.1866458333333	-0.569742886753562	2012-03-30
11.6292083333333	57.3931979166667	-0.612867519231067	2012-03-31
11.482	62.948125	-0.551603608116936	2012-04-01
15.5034479166667	64.2014375	-0.539344769185002	2012-04-02
16.19759375	60.8483645833333	-0.573355167428326	2012-04-03
15.3955625	54.5855	-0.648932275473684	2012-04-04
12.29996875	48.2363854166667	-0.747171445401388	2012-04-05
11.2174270833333	43.0138229166667	-0.851440530667107	2012-04-06
19.8346041666667	37.827	-0.985764838830489	2012-04-07
17.9092604166667	31.8734895833333	-1.1982783951432	2012-04-08
17.0383645833333	27.35403125	-1.42647170803403	2012-04-09
12.79015625	24.4908541666667	-1.61809123684088	2012-04-10
11.61575	39.42690625	-0.940294315089489	2012-04-11
11.4932916666667	59.9960520833333	-0.582649852558464	2012-04-12
9.89378125	60.4924895833333	-0.577201998473391	2012-04-13
9.38071875	67.91478125	-0.505857483956835	2012-04-14
10.9525104166667	67.2543854166667	-0.511523976525206	2012-04-15
15.0498229166667	65.442125	-0.527703604385457	2012-04-16
18.7763541666667	61.43921875	-0.567073572428427	2012-04-17
17.5519270833333	54.447375	-0.650809328881429	2012-04-18
15.6719166666667	47.2931354166667	-0.764183481810694	2012-04-19
17.153875	41.39609375	-0.889475143484716	2012-04-20
16.69753125	35.9051354166667	-1.04613805357493	2012-04-21
15.4368125	31.1856145833333	-1.22845592241818	2012-04-22
12.887625	36.9143333333333	-1.01359662306315	2012-04-23
14.0009270833333	61.5049895833333	-0.566382323080869	2012-04-24
16.86725	61.4128333333333	-0.567351327591986	2012-04-25
14.7379479166667	62.0132708333333	-0.561093194078141	2012-04-26
14.7881145833333	63.8189791666667	-0.543031041665049	2012-04-27
15.7341041666667	62.14459375	-0.559741704400852	2012-04-28
15.9119479166667	55.7569375	-0.633412645299369	2012-04-29
15.0260104166667	46.7203020833333	-0.774873942345362	2012-04-30
13.1813541666667	49.5095625	-0.725307098057371	2012-05-01
12.9455416666667	63.6738958333333	-0.544441807157398	2012-05-02
13.8988645833333	65.2338333333333	-0.529624885336482	2012-05-03
14.3637083333333	65.1296041666667	-0.530591231412005	2012-05-04
15.31834375	63.4005	-0.547119041817887	2012-05-05
15.0388333333333	57.2889583333333	-0.614138937596378	2012-05-06
15.17859375	47.7207604166667	-0.756381857713738	2012-05-07
16.7949583333333	39.1195	-0.948722350469325	2012-05-08
19.4657916666667	32.3705625	-1.17732457126526	2012-05-09
16.9846041666667	26.2620833333333	-1.49428084409484	2012-05-10
15.48659375	22.719128125	-1.76271051574393	2012-05-11
17.3072395833333	20.72483125	-1.95734664232434	2012-05-12
15.9415729166667	19.4699510416667	-2.10180077993265	2012-05-13
16.65984375	18.3371	-2.25045609108857	2012-05-14
16.2641145833333	17.1170072916667	-2.43421960559413	2012-05-15
18.2668020833333	16.45680625	-2.5458543553923	2012-05-16
18.2088854166667	15.8678520833333	-2.6538526457345	2012-05-17
16.54834375	15.6857416666667	-2.68900569676727	2012-05-18
16.2599479166667	15.3073885416667	-2.76490508961998	2012-05-19
18.45021875	14.7193854166667	-2.89116752279629	2012-05-20
18.61284375	13.8925114583333	-3.08814310981664	2012-05-21
18.1515520833333	13.3591614583333	-3.22908295428938	2012-05-22
17.4901979166667	13.0364979166667	-3.32035116349117	2012-05-23
15.7414166666667	13.24195	-3.26168692602829	2012-05-24
14.55225	17.0166864583333	-2.45058624927951	2012-05-25
13.3411875	22.0359666666667	-1.82514295729072	2012-05-26
13.7466145833333	16.946815625	-2.46210771776747	2012-05-27
17.71290625	14.092003125	-3.03835542155258	2012-05-28
18.8454583333333	12.4710447916667	-3.49251477540697	2012-05-29
17.5505520833333	11.6172541666667	-3.78660068192085	2012-05-30
18.26540625	11.4258614583333	-3.8589938042163	2012-05-31
18.5540729166667	11.1301583333333	-3.97608772940132	2012-06-01
17.840875	11.0559416666667	-4.00652951694365	2012-06-02
17.3130729166667	10.9144979166667	-4.06577367539311	2012-06-03
16.6394375	10.881671875	-4.07975867826873	2012-06-04
16.9975625	11.4887041666667	-3.8349393118458	2012-06-05
16.7152708333333	10.5210447916667	-4.23955601133193	2012-06-06
19.12078125	9.81479375	-4.58905165380424	2012-06-07
18.2372916666667	9.66650625	-4.66939073788383	2012-06-08
16.1084375	9.8927875	-4.5478296941839	2012-06-09
16.3406458333333	9.89603125	-4.5461303341678	2012-06-10
16.71884375	9.77349166666667	-4.61116621394171	2012-06-11
18.5471458333333	9.716478125	-4.64202386173225	2012-06-12
17.61028125	9.63266458333333	-4.688096571098	2012-06-13
16.6862083333333	9.68516770833333	-4.6591355200334	2012-06-14
16.1781041666667	9.705721875	-4.64788900931465	2012-06-15
17.96165625	9.74968333333333	-4.62400512798875	2012-06-16
19.1203125	9.52107604166667	-4.75078536770723	2012-06-17
19.56084375	9.279015625	-4.89232518032907	2012-06-18
18.11278125	9.17642604166667	-4.95472574476248	2012-06-19
17.6013125	9.08772291666667	-5.0098958891836	2012-06-20
17.78559375	9.07157916666667	-5.02006093055741	2012-06-21
17.994875	9.03100416666667	-5.04578103419282	2012-06-22
17.7132083333333	8.82646458333333	-5.17929390332726	2012-06-23
18.6766770833333	8.57786458333333	-5.3507568577782	2012-06-24
18.0674895833333	8.301675	-5.55416221384069	2012-06-25
18.519	8.03481666666667	-5.76494118423135	2012-06-26
20.3835208333333	7.75101875	-6.00618176259623	2012-06-27
20.2945416666667	7.74491875	-6.01157488440186	2012-06-28
20.0508854166667	7.81020625	-5.95432088406572	2012-06-29
20.1729895833333	7.64504895833333	-6.10118199230138	2012-06-30
19.2491770833333	7.88247604166667	-5.89212642725539	2012-07-01
19.0699375	8.0904875	-5.71974069750963	2012-07-02
18.0958229166667	8.20316354166667	-5.63026358238067	2012-07-03
17.7478541666667	8.35234583333333	-5.51576601798703	2012-07-04
17.5746458333333	8.59311979166667	-5.3399292293291	2012-07-05
19.1809583333333	8.53906666666667	-5.378480864528	2012-07-06
18.22621875	8.14074791666667	-5.67950098171502	2012-07-07
19.20865625	7.95421458333333	-5.83158437073329	2012-07-08
22.6242083333333	7.47515208333333	-6.25951451952371	2012-07-09
23.24953125	7.31105104166667	-6.41993304158526	2012-07-10
23.1121979166667	7.380478125	-6.35113233004275	2012-07-11
21.5443229166667	7.839778125	-5.92872339504566	2012-07-12
23.0296145833333	33.663153125	-1.12592905162094	2012-07-13
21.8382916666667	49.81434375	-0.720250315922803	2012-07-14
19.0386979166667	36.0815520833333	-1.04030898213852	2012-07-15
17.988	25.3168770833333	-1.55804478475176	2012-07-16
17.8109270833333	19.6337583333333	-2.08182186632806	2012-07-17
19.7085729166667	16.8195739583333	-2.48335266637758	2012-07-18
25.8226354166667	13.921396875	-3.08083954359903	2012-07-19
24.2736458333333	11.6057708333333	-3.79087216225476	2012-07-20
22.6905520833333	10.62371875	-4.19287779611394	2012-07-21
21.24734375	10.1183854166667	-4.43241790074399	2012-07-22
20.6107708333333	9.86592395833333	-4.56194912708515	2012-07-23
19.8309375	9.51338541666667	-4.7551638275879	2012-07-24
18.67596875	9.00343333333333	-5.06339949619324	2012-07-25
18.5193645833333	8.75564583333333	-5.22707770860469	2012-07-26
18.2968854166667	8.48837916666667	-5.41510958655644	2012-07-27
18.5275	8.30286458333333	-5.55325504949849	2012-07-28
19.377	8.13836770833333	-5.68139463987543	2012-07-29
19.8487395833333	8.24567916666667	-5.59718105323018	2012-07-30
20.82115625	8.26170833333333	-5.58480288807142	2012-07-31
20.6340520833333	8.39969791666667	-5.4803324880719	2012-08-01
20.36915625	8.61029479166667	-5.32778811920102	2012-08-02
20.16634375	8.23497083333333	-5.60547905528161	2012-08-03
19.7904270833333	8.345196875	-5.52115296744621	2012-08-04
20.822625	8.32834583333333	-5.53388987812778	2012-08-05
23.0470416666667	7.965396875	-5.82225242695619	2012-08-06
25.6351770833333	7.70916770833333	-6.0433666824833	2012-08-07
25.67203125	7.551384375	-6.18752819479962	2012-08-08
26.1423229166667	7.112453125	-6.62468683696109	2012-08-09
26.4259166666667	7.08912291666667	-6.64954655835194	2012-08-10
26.7892708333333	7.11520625	-6.62176472483578	2012-08-11
27.2435208333333	7.15238854166667	-6.58253589562893	2012-08-12
27.29565625	6.78649583333333	-6.98862149603789	2012-08-13
26.0656979166667	6.88989583333333	-6.86918259504446	2012-08-14
23.682875	7.08243854166667	-6.65670145817387	2012-08-15
25.8267916666667	7.20248229166667	-6.53036989775817	2012-08-16
28.1559583333333	6.75704375	-7.02335815007385	2012-08-17
27.124875	6.77187395833333	-7.0058265550827	2012-08-18
25.8395208333333	6.726928125	-7.05921405306946	2012-08-19
24.8904270833333	6.90226354166667	-6.85515274254367	2012-08-20
23.2344375	7.31709791666667	-6.41388517302096	2012-08-21
21.9894479166667	7.77786041666667	-5.98255807853163	2012-08-22
22.2667291666667	7.91528958333333	-5.86428849261981	2012-08-23
20.5613125	8.641678125	-5.30573641049435	2012-08-24
20.4332916666667	8.77196041666667	-5.21599651464413	2012-08-25
20.1981770833333	8.21269166666667	-5.62281763053785	2012-08-26
22.9336770833333	7.66741458333333	-6.08089759247166	2012-08-27
26.7076770833333	6.69451666666667	-7.09818917685429	2012-08-28
27.9711145833333	6.622996875	-7.18563745536932	2012-08-29
24.9124583333333	7.15176666666667	-6.58318841061758	2012-08-30
24.0063645833333	7.42442083333333	-6.30829721103041	2012-08-31
23.7768020833333	7.18737395833333	-6.54602128404117	2012-09-01
23.2792395833333	6.36773020833333	-7.51493073940305	2012-09-02
23.8032916666667	6.61483645833333	-7.19574395732954	2012-09-03
24.55634375	6.70155416666667	-7.08969222101077	2012-09-04
25.0133333333333	6.31682083333333	-7.58401409365922	2012-09-05
23.984	6.820259375	-6.94919458633665	2012-09-06
23.5833541666667	7.11302604166667	-6.6240785551736	2012-09-07
23.70653125	7.23324166666667	-6.49872106419466	2012-09-08
24.6632708333333	7.24604583333333	-6.4856313778612	2012-09-09
25.2226770833333	7.32226145833333	-6.4087292426641	2012-09-10
21.9786666666667	8.13520520833333	-5.68391251186728	2012-09-11
21.61428125	9.88833333333333	-4.55016512013493	2012-09-12
22.3189791666667	9.02515520833333	-5.04950904186361	2012-09-13
30.4673958333333	7.742840625	-6.01341426930745	2012-09-14
31.7917395833333	6.18875229166667	-7.76318533530879	2012-09-15
26.8534895833333	5.99406947916667	-8.05127513148777	2012-09-16
21.1430104166667	7.34201145833333	-6.38907994785313	2012-09-17
21.0943958333333	7.81913541666667	-5.94656994089965	2012-09-18
22.2399895833333	7.741946875	-6.01420566804376	2012-09-19
23.9505833333333	7.547359375	-6.19129011091219	2012-09-20
24.38040625	7.52779166666667	-6.20964016455472	2012-09-21
23.977625	7.72499479166667	-6.02925352574645	2012-09-22
26.9284791666667	7.173328125	-6.56063526600918	2012-09-23
25.03540625	6.97888229166667	-6.76942206946641	2012-09-24
19.5840625	7.42685	-6.30594508973452	2012-09-25
18.2887916666667	8.10043125	-5.71173708756282	2012-09-26
19.5558645833333	8.27615208333333	-5.57369296337424	2012-09-27
21.1638645833333	8.29568333333333	-5.55873563126162	2012-09-28
23.9518645833333	7.68843020833333	-6.06195261887301	2012-09-29
26.5942708333333	7.34175	-6.38933933422412	2012-09-30
29.13259375	6.81604583333333	-6.95409206896383	2012-10-01
29.4488333333333	6.61912916666667	-7.19042420567177	2012-10-02
24.3729375	6.95015416666667	-6.80132971661001	2012-10-03
18.5451875	8.05253645833333	-5.75048150365317	2012-10-04
17.1853854166667	8.42740416666667	-5.45979744429759	2012-10-05
18.634125	8.61421979166667	-5.32502078471605	2012-10-06
19.1572083333333	8.711528125	-5.2572658320623	2012-10-07
18.5047916666667	8.84976354166667	-5.16375214537018	2012-10-08
17.8035833333333	8.8812375	-5.14289570143143	2012-10-09
17.463125	9.14915208333333	-4.97156730550935	2012-10-10
14.9510104166667	14.5369	-2.93257841271328	2012-10-11
13.9605833333333	34.9757916666667	-1.07788512286692	2012-10-12
15.71971875	31.72790625	-1.20454846115851	2012-10-13
22.9463125	22.3080708333333	-1.79978567890732	2012-10-14
26.14171875	14.3623239583333	-2.97324919214863	2012-10-15
24.4539166666667	11.1599510416667	-3.96398934783089	2012-10-16
25.7928229166667	9.91544895833333	-4.53598251424183	2012-10-17
24.0176979166667	9.41861666666667	-4.80974630797277	2012-10-18
19.0194583333333	11.0232	-4.02009878759325	2012-10-19
16.8775520833333	12.3691052083333	-3.52534679196748	2012-10-20
17.2510416666667	17.2175520833333	-2.41802110125492	2012-10-21
16.11715625	18.4878125	-2.22955395537975	2012-10-22
15.1270625	19.68203125	-2.07600207491562	2012-10-23
14.5763958333333	15.515815625	-2.72260371634722	2012-10-24
16.1161145833333	12.7342270833333	-3.41034829972937	2012-10-25
22.5425208333333	10.0207041666667	-4.48170734682975	2012-10-26
25.6079895833333	7.51456875	-6.22209815370833	2012-10-27
23.2566145833333	7.236515625	-6.49536938351484	2012-10-28
20.6515729166667	7.35743958333333	-6.37380900587936	2012-10-29
18.8833333333333	7.6825625	-6.06723102762592	2012-10-30
15.2004895833333	8.70173125	-5.26401392264749	2012-10-31
13.6887604166667	9.82605520833333	-4.58305638890033	2012-11-01
14.3181770833333	10.34670625	-4.32108761869312	2012-11-02
15.7896875	10.4529875	-4.27103762456308	2012-11-03
23.3605104166667	9.51591041666667	-4.75372544868133	2012-11-04
27.1481979166667	7.59210104166667	-6.14971277220879	2012-11-05
22.4152291666667	7.22439479166667	-6.50779422027152	2012-11-06
15.7619583333333	8.36749479166667	-5.50438337969006	2012-11-07
14.1316458333333	10.6932385416667	-4.16181659787239	2012-11-08
12.85446875	52.7859208333333	-0.674212580922619	2012-11-09
10.845125	59.0055729166667	-0.593812633011335	2012-11-10
10.2290520833333	53.1733958333333	-0.668614631849408	2012-11-11
15.3595625	41.8146979166667	-0.879331174155769	2012-11-12
19.0276354166667	30.5508125	-1.25759712763198	2012-11-13
19.7085833333333	25.1540729166667	-1.56954585725591	2012-11-14
15.9528541666667	23.9934166666667	-1.65638961602192	2012-11-15
16.53640625	23.3206041666667	-1.71097679502947	2012-11-16
15.5988541666667	39.2782395833333	-0.944352624697593	2012-11-17
15.7659479166667	55.32115625	-0.639103896337147	2012-11-18
13.5046875	56.0012395833333	-0.630263531872871	2012-11-19
14.1274166666667	52.24084375	-0.682237960506103	2012-11-20
13.1859791666667	46.80446875	-0.773285636933932	2012-11-21
13.62784375	42.45196875	-0.864298891029302	2012-11-22
18.0886875	38.4109166666667	-0.968699695016725	2012-11-23
22.33921875	32.5961875	-1.1680389583904	2012-11-24
16.8466666666667	29.438	-1.31193411536573	2012-11-25
12.8218229166667	29.7615520833333	-1.29568709070072	2012-11-26
12.63275	29.508375	-1.30836781899017	2012-11-27
13.3128854166667	29.3352604166667	-1.31717338898638	2012-11-28
14.41890625	45.7505729166667	-0.793625176259734	2012-11-29
15.5044791666667	67.7285104166667	-0.507443800670305	2012-11-30
15.3149375	69.2142083333333	-0.495045249108358	2012-12-01
14.891125	69.1902395833333	-0.495240755441224	2012-12-02
15.1533645833333	69.8078125	-0.490249201990092	2012-12-03
14.3674479166667	70.3546979166667	-0.485907219360717	2012-12-04
13.3399791666667	70.32659375	-0.486128590744346	2012-12-05
13.9739375	70.1545833333333	-0.487487621213137	2012-12-06
12.27965625	69.9588333333333	-0.489042915735816	2012-12-07
13.7832708333333	69.6671041666667	-0.491378153186007	2012-12-08
11.8661979166667	69.3194270833333	-0.494188720733725	2012-12-09
15.4538229166667	68.8582708333333	-0.497963511012179	2012-12-10
14.6035833333333	67.8141979166667	-0.506712912022382	2012-12-11
11.60734375	66.4807395833333	-0.518315538286372	2012-12-12
11.78959375	67.9693854166667	-0.505394227968063	2012-12-13
8.78367708333333	69.90284375	-0.489489484722231	2012-12-14
8.75489583333333	70.1994791666667	-0.487132218168464	2012-12-15
9.99111458333333	70.3892291666667	-0.485635481984794	2012-12-16
11.7579791666667	70.3125416666667	-0.486239347445019	2012-12-17
11.77484375	70.43721875	-0.485258310089115	2012-12-18
7.81552083333333	70.7573020833333	-0.482756629231289	2012-12-19
11.9595520833333	70.7843229166667	-0.482546549986412	2012-12-20
10.848	70.5157604166667	-0.484642200626237	2012-12-21
9.18807291666667	69.9339270833333	-0.489241471763513	2012-12-22
11.06	69.1150625	-0.495854894969925	2012-12-23
11.6503229166667	69.5254375	-0.492519733693055	2012-12-24
10.6534166666667	70.7311145833333	-0.482960393434367	2012-12-25
10.4269375	70.7750520833333	-0.482618608719836	2012-12-26
8.56263541666667	70.940125	-0.481338573271079	2012-12-27
10.2603958333333	70.8863854166667	-0.481754589259793	2012-12-28
8.5144375	70.7608333333333	-0.482729165021569	2012-12-29
6.92672916666667	70.9285104166667	-0.481428428486692	2012-12-30
6.76420833333333	70.8336354166667	-0.482163601474559	2012-12-31
7.97523958333333	70.9487708333333	-0.481271705969692	2013-01-01
12.8014270833333	70.6791145833333	-0.483365482921276	2013-01-02
12.9315833333333	68.8229270833333	-0.498255050554967	2013-01-03
13.8235	64.91975	-0.532546938663972	2013-01-04
10.2436666666667	60.3948125	-0.578266324946972	2013-01-05
8.88761458333333	60.4633854166667	-0.577518743655064	2013-01-06
9.40296875	66.4356979166667	-0.518716158295688	2013-01-07
13.389125	66.2614895833333	-0.520271129023895	2013-01-08
14.3275729166667	64.9264270833333	-0.532484504124939	2013-01-09
10.1494479166667	64.45	-0.536974123670974	2013-01-10
5.90209375	64.1397395833333	-0.539936254360024	2013-01-11
6.03777083333333	62.36740625	-0.557462592482454	2013-01-12
6.5275	60.073625	-0.581792223472803	2013-01-13
5.73030208333333	56.80109375	-0.620155860824095	2013-01-14
8.00745833333333	51.5297916666667	-0.692980362551394	2013-01-15
9.57920833333333	49.57834375	-0.724160100126353	2013-01-16
17.9943854166667	46.23825	-0.784089982624017	2013-01-17
19.50040625	40.6552604166667	-0.907976057558399	2013-01-18
19.6063958333333	37.3089166666667	-1.0013849973367	2013-01-19
20.2246875	34.7501354166667	-1.08586810569806	2013-01-20
20.6257708333333	31.9283541666667	-1.19593132610042	2013-01-21
20.89465625	29.8665833333333	-1.29049393978402	2013-01-22
19.07296875	29.2696145833333	-1.32054165276236	2013-01-23
15.1973854166667	47.7632291666667	-0.755615211996428	2013-01-24
15.4256770833333	69.1748125	-0.495366666490434	2013-01-25
14.4745833333333	70.5288541666667	-0.484539631264853	2013-01-26
12.1018958333333	70.814875	-0.482309222912012	2013-01-27
8.50720833333333	70.8761145833333	-0.481834176033092	2013-01-28
7.88845833333333	70.9215208333333	-0.481482517969196	2013-01-29
9.98976041666667	70.8552291666667	-0.481996089379628	2013-01-30
14.7106770833333	70.497125	-0.484788250712	2013-01-31
16.7525520833333	69.1710833333333	-0.495397111806408	2013-02-01
16.6478541666667	67.6473333333333	-0.508138044504287	2013-02-02
17.5691979166667	66.4497708333333	-0.518590925286066	2013-02-03
13.2423229166667	64.8083854166667	-0.533590290654564	2013-02-04
9.4301875	63.1778854166667	-0.549317317753687	2013-02-05
11.2625104166667	62.6318541666667	-0.554780109789257	2013-02-06
9.519625	60.4228958333333	-0.57795994118733	2013-02-07
8.44392708333333	59.4322708333333	-0.58895489920115	2013-02-08
5.710625	67.3061875	-0.511075190135107	2013-02-09
6.91141666666667	67.681875	-0.507842418963189	2013-02-10
7.99855208333333	67.4649583333333	-0.509704275162958	2013-02-11
8.46261458333333	66.10565625	-0.521669517794169	2013-02-12
10.03390625	64.277	-0.538622022197512	2013-02-13
12.1770625	61.6884895833333	-0.564462081115966	2013-02-14
18.7589895833333	57.3292291666667	-0.613647164643448	2013-02-15
21.3738333333333	49.6402083333333	-0.723131349676481	2013-02-16
14.4335625	44.9789895833333	-0.809163783095591	2013-02-17
10.3669166666667	43.15909375	-0.848174179722156	2013-02-18
9.07144791666667	42.8811041666667	-0.854445357796867	2013-02-19
7.38326041666667	63.03940625	-0.550693155447528	2013-02-20
9.59841666666667	65.8427916666667	-0.524044417998658	2013-02-21
9.4869375	65.19259375	-0.530006837056201	2013-02-22
10.2220104166667	63.78415625	-0.543369027446371	2013-02-23
11.28175	59.6340416666667	-0.586683737472623	2013-02-24
12.4956979166667	49.52671875	-0.725020680882287	2013-02-25
10.1829791666667	45.0978645833333	-0.806732723321727	2013-02-26
16.9077395833333	40.9234270833333	-0.901196327338608	2013-02-27
18.78490625	35.5036041666667	-1.05963648590499	2013-02-28
20.252625	32.1148958333333	-1.18801536751839	2013-03-01
22.10140625	28.6188854166667	-1.3548255948934	2013-03-02
17.0317708333333	26.3961041666667	-1.48563484958838	2013-03-03
13.2814375	25.4795	-1.54671344656411	2013-03-04
11.3299270833333	24.9267604166667	-1.58587309660343	2013-03-05
10.9091979166667	28.0778333333333	-1.38462763119779	2013-03-06
11.0190520833333	34.374875	-1.09939207799968	2013-03-07
9.10815625	49.5004270833333	-0.725459697098065	2013-03-08
9.99138541666667	61.8442708333333	-0.562841470438961	2013-03-09
11.7023125	62.4381666666667	-0.556742436860868	2013-03-10
15.3722083333333	61.1681875	-0.569938888440186	2013-03-11
16.2327083333333	58.8164270833333	-0.595990092517337	2013-03-12
20.1315416666667	55.49865625	-0.636774223820608	2013-03-13
20.3892604166667	49.9416354166667	-0.718157900209321	2013-03-14
17.44675	42.3008229166667	-0.867820366524777	2013-03-15
12.42678125	35.6562395833333	-1.05446695405464	2013-03-16
12.5482395833333	30.8254479166667	-1.24483209572124	2013-03-17
12.2779375	27.116875	-1.44070246753667	2013-03-18
12.1114166666667	25.3072916666667	-1.55871754702132	2013-03-19
13.6841041666667	23.3499895833333	-1.70852233559476	2013-03-20
14.4070833333333	22.258875	-1.80432110293731	2013-03-21
13.2615	20.0528645833333	-2.0322932217003	2013-03-22
12.6318645833333	18.7875	-2.18905581955824	2013-03-23
13.484875	17.7796333333333	-2.33107097183629	2013-03-24
15.559125	16.7221385416667	-2.49985498944233	2013-03-25
13.8245729166667	16.475253125	-2.54260501608581	2013-03-26
13.7875729166667	15.9131760416667	-2.64523743402368	2013-03-27
13.5099583333333	15.2960302083333	-2.76724577760339	2013-03-28
14.4009375	14.7612885416667	-2.88181316724006	2013-03-29
15.2725208333333	14.77764375	-2.87817746839173	2013-03-30
13.55225	14.1730395833333	-3.01855899794722	2013-03-31
13.7111666666667	15.5848802083333	-2.70885360234911	2013-04-01
13.66909375	14.8891927083333	-2.85360841194906	2013-04-02
14.6815625	13.649653125	-3.15085811916679	2013-04-03
15.72828125	13.1714145833333	-3.28160670255045	2013-04-04
14.7713333333333	13.3653270833333	-3.22738483755239	2013-04-05
14.7733854166667	13.79704375	-3.11251462969783	2013-04-06
14.0812708333333	13.0629083333333	-3.312699378839	2013-04-07
13.8359375	13.1661864583333	-3.28309225986806	2013-04-08
13.6189583333333	12.1484395833333	-3.59843879859069	2013-04-09
17.0515729166667	10.3342010416667	-4.32704902499135	2013-04-10
17.3365520833333	9.11472291666667	-4.99298121231265	2013-04-11
14.8651979166667	10.0224427083333	-4.48082110020786	2013-04-12
13.2599479166667	10.765975	-4.12977746642626	2013-04-13
12.25309375	12.50689375	-3.48110484579958	2013-04-14
11.93278125	13.6295208333333	-3.15616441194137	2013-04-15
11.6324270833333	14.08503125	-3.04006997192674	2013-04-16
12.5944375	11.4874385416667	-3.83542098067275	2013-04-17
17.4285833333333	8.80923791666667	-5.19084166281665	2013-04-18
19.38196875	7.44123229166667	-6.29205261961202	2013-04-19
19.2744375	7.06299302083333	-6.67759818944201	2013-04-20
19.6253229166667	7.57155052083333	-6.16874458393581	2013-04-21
15.3741875	8.10769395833333	-5.7059046905847	2013-04-22
15.0604895833333	8.605346875	-5.33128051348259	2013-04-23
13.1650520833333	9.56907604166667	-4.72362793249163	2013-04-24
14.0384895833333	22.1601354166667	-1.81348906533491	2013-04-25
15.6186666666667	21.9957385416667	-1.82894877995166	2013-04-26
16.6074479166667	13.217034375	-3.26869731578863	2013-04-27
16.39871875	10.964865625	-4.04448948794852	2013-04-28
16.156875	10.1378697916667	-4.42270773019898	2013-04-29
15.4037083333333	9.75860520833333	-4.61918605236192	2013-04-30
16.5254895833333	9.78621458333333	-4.60433263781705	2013-05-01
20.4758020833333	8.51597572916667	-5.39510939953019	2013-05-02
28.1133125	5.58873010416667	-8.72028166167907	2013-05-03
19.0888125	5.82088979166667	-8.32491099799116	2013-05-04
14.71403125	7.98929166666667	-5.80240519969552	2013-05-05
13.93425	31.8554833333333	-1.1990505756571	2013-05-06
14.4502708333333	59.0883333333333	-0.592864580019043	2013-05-07
14.651375	59.145875	-0.592207090632742	2013-05-08
15.3649375	53.6020520833333	-0.662522564025301	2013-05-09
16.7726875	39.919	-0.927091680453467	2013-05-10
19.1269375	29.0103645833333	-1.33400315197996	2013-05-11
24.3958958333333	21.1368645833333	-1.91390882296987	2013-05-12
28.6719583333333	15.9541083333333	-2.63750199488363	2013-05-13
23.0361875	13.9536604166667	-3.07272007742554	2013-05-14
17.3413645833333	13.78631875	-3.11527513688514	2013-05-15
16.5850625	13.429115625	-3.2099143010731	2013-05-16
17.02425	13.0628854166667	-3.31270600404308	2013-05-17
17.387375	13.09835625	-3.3024810834999	2013-05-18
16.9379583333333	11.9816125	-3.65561188817662	2013-05-19
18.5113020833333	11.0656385416667	-4.00252728856043	2013-05-20
18.75740625	10.66580625	-4.17402150036105	2013-05-21
18.0131041666667	10.23305	-4.37584246995571	2013-05-22
16.8051041666667	10.521015625	-4.23956940977842	2013-05-23
16.7272708333333	10.683546875	-4.16612085659436	2013-05-24
15.1163958333333	9.54753958333333	-4.73577669035388	2013-05-25
16.2761666666667	9.514321875	-4.75463027410153	2013-05-26
15.8480208333333	9.25109375	-4.90916212677232	2013-05-27
17.8150625	9.30246145833333	-4.87827081373138	2013-05-28
18.0936979166667	8.98170729166667	-5.0773645378485	2013-05-29
19.092125	8.52056875	-5.39179413225409	2013-05-30
18.8079791666667	8.51404895833333	-5.39650129270902	2013-05-31
19.7537291666667	8.512709375	-5.3974694007988	2013-06-01
18.2577083333333	8.56932083333333	-5.35683894294435	2013-06-02
18.0493125	8.30297708333333	-5.55316927252026	2013-06-03
17.5815416666667	8.21890208333333	-5.61797431454869	2013-06-04
18.0054583333333	8.07844895833333	-5.72945859622476	2013-06-05
17.31103125	7.82046145833333	-5.94542048842892	2013-06-06
17.4261354166667	7.83289895833333	-5.93465956106905	2013-06-07
18.2450625	7.675515625	-6.07358159157872	2013-06-08
17.6033125	7.59163875	-6.15013968784901	2013-06-09
17.5672708333333	7.3868284375	-6.34490836770479	2013-06-10
19.20815625	7.27366625	-6.45756293070783	2013-06-11
18.0235	7.84979895833333	-5.92009614231879	2013-06-12
19.057625	7.61074333333333	-6.1325432827354	2013-06-13
18.1563645833333	6.92477760416667	-6.8297505571418	2013-06-14
16.9901354166667	6.878193125	-6.88250779159419	2013-06-15
17.7266875	6.69306583333333	-7.09994326510173	2013-06-16
18.4790729166667	6.57402791666667	-7.246687415362	2013-06-17
18.4967083333333	6.5097590625	-7.3283041488714	2013-06-18
19.2832291666667	6.631183125	-7.17552569916634	2013-06-19
19.6439479166667	6.25755395833333	-7.66595456669269	2013-06-20
19.796125	6.12633833333333	-7.85341186641863	2013-06-21
18.7968020833333	6.1008459375	-7.89083246063829	2013-06-22
18.2715104166667	6.31083385416667	-7.59221673674232	2013-06-23
17.5855416666667	6.98741979166667	-6.75999377439198	2013-06-24
18.6193854166667	6.96827916666667	-6.78116593365231	2013-06-25
21.5436979166667	6.66696083333333	-7.13164437076927	2013-06-26
24.0714583333333	6.07770041666667	-7.92509905748209	2013-06-27
25.37453125	5.6914828125	-8.54103496858719	2013-06-28
26.23990625	5.56829083333333	-8.75678144703566	2013-06-29
27.57271875	5.67991333333333	-8.56087075089502	2013-06-30
24.6231145833333	6.29321052083333	-7.61645906351339	2013-07-01
23.43225	6.16147447916667	-7.80237793653369	2013-07-02
21.8402916666667	6.81749479166667	-6.95240718534441	2013-07-03
21.26871875	6.53558479166667	-7.29530093809083	2013-07-04
20.2451875	6.35261447916667	-7.53531893150182	2013-07-05
20.9667291666667	6.57411666666667	-7.24657588967063	2013-07-06
21.6667708333333	6.31877302083333	-7.5813430353919	2013-07-07
21.7963020833333	5.85622447916667	-8.26767303039246	2013-07-08
24.8927708333333	5.2586996875	-9.34686880600169	2013-07-09
22.1187083333333	6.05029270833333	-7.96603863933374	2013-07-10
20.67953125	8.12123020833333	-5.69506404336628	2013-07-11
21.9743229166667	8.09443208333333	-5.71656322993937	2013-07-12
21.12171875	6.30252270833333	-7.60363131854595	2013-07-13
21.6008854166667	5.9126684375	-8.17775827379775	2013-07-14
22.165125	5.81454427083333	-8.3352688382371	2013-07-15
21.3202916666667	5.50090947916667	-8.87916569422898	2013-07-16
21.6967083333333	5.19241625	-9.48301108430754	2013-07-17
22.0321979166667	5.09690208333333	-9.68586290194612	2013-07-18
20.1204479166667	5.68593427083333	-8.55053712171362	2013-07-19
18.7087291666667	7.003640625	-6.74214822206701	2013-07-20
18.3369479166667	10.905509375	-4.06959414176763	2013-07-21
20.8031666666667	9.2046984375	-4.93738035548418	2013-07-22
20.9409166666667	6.61490229166667	-7.19566231739232	2013-07-23
21.07596875	6.016265	-8.01742225215029	2013-07-24
20.5354895833333	5.90974177083333	-8.18237526375486	2013-07-25
21.1311979166667	5.97906833333333	-8.07430739640918	2013-07-26
20.6722395833333	5.94744270833333	-8.12327178777183	2013-07-27
19.22990625	6.10987854166667	-7.87753517153602	2013-07-28
19.2434895833333	5.82600854166667	-8.31657321600897	2013-07-29
18.3106041666667	5.72569125	-8.48288644618382	2013-07-30
17.6011666666667	5.78221302083333	-8.38842119816047	2013-07-31
18.27578125	5.803781875	-8.35289179123121	2013-08-01
19.1250833333333	5.72661239583333	-8.48133093113343	2013-08-02
18.9738645833333	5.81264583333333	-8.33837237456223	2013-08-03
19.1745	5.98691447916667	-8.0622452778212	2013-08-04
18.93878125	5.71913864583333	-8.49396713176004	2013-08-05
19.0629375	5.64772322916667	-8.61651813124919	2013-08-06
18.4674270833333	5.65394791666667	-8.60570456547904	2013-08-07
18.4063229166667	5.65711583333333	-8.60021101734155	2013-08-08
17.77375	5.68845572916667	-8.54621654038729	2013-08-09
17.7671354166667	5.7253415625	-8.48347709463413	2013-08-10
18.08540625	5.703999375	-8.51967236421143	2013-08-11
18.8901979166667	5.641064375	-8.62811420522915	2013-08-12
19.6907083333333	5.70001364583333	-8.5264641016345	2013-08-13
19.6520833333333	5.81031072916667	-8.34219274304471	2013-08-14
20.445875	5.75786479166667	-8.42887127761288	2013-08-15
22.3411458333333	5.639059375	-8.63161155649261	2013-08-16
22.5970625	5.31853010416667	-9.22709601493672	2013-08-17
20.9897604166667	5.44758552083333	-8.97831552575714	2013-08-18
20.16875	5.76294979166667	-8.4203932746838	2013-08-19
20.5344375	5.7694696875	-8.40954632511393	2013-08-20
22.79965625	5.45963604166667	-8.95572768626956	2013-08-21
23.9755104166667	5.12908125	-9.61661808559587	2013-08-22
23.9755833333333	4.857769375	-10.2312672991366	2013-08-23
21.3889479166667	5.22378979166667	-9.41811088535215	2013-08-24
21.79053125	5.41737322916667	-9.03541917528983	2013-08-25
25.3020208333333	5.32603760416667	-9.21227021511725	2013-08-26
26.271625	5.2310109375	-9.40329092119623	2013-08-27
26.3919479166667	4.862518125	-10.2198773271187	2013-08-28
27.6402934782609	4.80785478723404	-10.3524456383032	2013-08-29
24.9124583333333	7.15176666666667	-6.58318841061758	2012-08-30
24.0063645833333	7.42442083333333	-6.30829721103041	2012-08-31
23.7768020833333	7.18737395833333	-6.54602128404117	2012-09-01
23.2792395833333	6.36773020833333	-7.51493073940305	2012-09-02
23.8032916666667	6.61483645833333	-7.19574395732954	2012-09-03
24.55634375	6.70155416666667	-7.08969222101077	2012-09-04
25.0133333333333	6.31682083333333	-7.58401409365922	2012-09-05
23.984	6.820259375	-6.94919458633665	2012-09-06
23.5833541666667	7.11302604166667	-6.6240785551736	2012-09-07
23.70653125	7.23324166666667	-6.49872106419466	2012-09-08
24.6632708333333	7.24604583333333	-6.4856313778612	2012-09-09
25.2226770833333	7.32226145833333	-6.4087292426641	2012-09-10
21.9786666666667	8.13520520833333	-5.68391251186728	2012-09-11
21.61428125	9.88833333333333	-4.55016512013493	2012-09-12
22.3189791666667	9.02515520833333	-5.04950904186361	2012-09-13
30.4673958333333	7.742840625	-6.01341426930745	2012-09-14
31.7917395833333	6.18875229166667	-7.76318533530879	2012-09-15
26.8534895833333	5.99406947916667	-8.05127513148777	2012-09-16
21.1430104166667	7.34201145833333	-6.38907994785313	2012-09-17
21.0943958333333	7.81913541666667	-5.94656994089965	2012-09-18
22.2399895833333	7.741946875	-6.01420566804376	2012-09-19
23.9505833333333	7.547359375	-6.19129011091219	2012-09-20
24.38040625	7.52779166666667	-6.20964016455472	2012-09-21
23.977625	7.72499479166667	-6.02925352574645	2012-09-22
26.9284791666667	7.173328125	-6.56063526600918	2012-09-23
25.03540625	6.97888229166667	-6.76942206946641	2012-09-24
19.5840625	7.42685	-6.30594508973452	2012-09-25
18.2887916666667	8.10043125	-5.71173708756282	2012-09-26
19.5558645833333	8.27615208333333	-5.57369296337424	2012-09-27
21.1638645833333	8.29568333333333	-5.55873563126162	2012-09-28
23.9518645833333	7.68843020833333	-6.06195261887301	2012-09-29
26.5942708333333	7.34175	-6.38933933422412	2012-09-30
29.13259375	6.81604583333333	-6.95409206896383	2012-10-01
29.4488333333333	6.61912916666667	-7.19042420567177	2012-10-02
24.3729375	6.95015416666667	-6.80132971661001	2012-10-03
18.5451875	8.05253645833333	-5.75048150365317	2012-10-04
17.1853854166667	8.42740416666667	-5.45979744429759	2012-10-05
18.634125	8.61421979166667	-5.32502078471605	2012-10-06
19.1572083333333	8.711528125	-5.2572658320623	2012-10-07
18.5047916666667	8.84976354166667	-5.16375214537018	2012-10-08
17.8035833333333	8.8812375	-5.14289570143143	2012-10-09
17.463125	9.14915208333333	-4.97156730550935	2012-10-10
14.9510104166667	14.5369	-2.93257841271328	2012-10-11
13.9605833333333	34.9757916666667	-1.07788512286692	2012-10-12
15.71971875	31.72790625	-1.20454846115851	2012-10-13
22.9463125	22.3080708333333	-1.79978567890732	2012-10-14
26.14171875	14.3623239583333	-2.97324919214863	2012-10-15
24.4539166666667	11.1599510416667	-3.96398934783089	2012-10-16
25.7928229166667	9.91544895833333	-4.53598251424183	2012-10-17
24.0176979166667	9.41861666666667	-4.80974630797277	2012-10-18
19.0194583333333	11.0232	-4.02009878759325	2012-10-19
16.8775520833333	12.3691052083333	-3.52534679196748	2012-10-20
17.2510416666667	17.2175520833333	-2.41802110125492	2012-10-21
16.11715625	18.4878125	-2.22955395537975	2012-10-22
15.1270625	19.68203125	-2.07600207491562	2012-10-23
14.5763958333333	15.515815625	-2.72260371634722	2012-10-24
16.1161145833333	12.7342270833333	-3.41034829972937	2012-10-25
22.5425208333333	10.0207041666667	-4.48170734682975	2012-10-26
25.6079895833333	7.51456875	-6.22209815370833	2012-10-27
23.2566145833333	7.236515625	-6.49536938351484	2012-10-28
20.6515729166667	7.35743958333333	-6.37380900587936	2012-10-29
18.8833333333333	7.6825625	-6.06723102762592	2012-10-30
15.2004895833333	8.70173125	-5.26401392264749	2012-10-31
13.6887604166667	9.82605520833333	-4.58305638890033	2012-11-01
14.3181770833333	10.34670625	-4.32108761869312	2012-11-02
15.7896875	10.4529875	-4.27103762456308	2012-11-03
23.3605104166667	9.51591041666667	-4.75372544868133	2012-11-04
27.1481979166667	7.59210104166667	-6.14971277220879	2012-11-05
22.4152291666667	7.22439479166667	-6.50779422027152	2012-11-06
15.7619583333333	8.36749479166667	-5.50438337969006	2012-11-07
14.1316458333333	10.6932385416667	-4.16181659787239	2012-11-08
12.85446875	52.7859208333333	-0.674212580922619	2012-11-09
10.845125	59.0055729166667	-0.593812633011335	2012-11-10
10.2290520833333	53.1733958333333	-0.668614631849408	2012-11-11
15.3595625	41.8146979166667	-0.879331174155769	2012-11-12
19.0276354166667	30.5508125	-1.25759712763198	2012-11-13
19.7085833333333	25.1540729166667	-1.56954585725591	2012-11-14
15.9528541666667	23.9934166666667	-1.65638961602192	2012-11-15
16.53640625	23.3206041666667	-1.71097679502947	2012-11-16
15.5988541666667	39.2782395833333	-0.944352624697593	2012-11-17
15.7659479166667	55.32115625	-0.639103896337147	2012-11-18
13.5046875	56.0012395833333	-0.630263531872871	2012-11-19
14.1274166666667	52.24084375	-0.682237960506103	2012-11-20
13.1859791666667	46.80446875	-0.773285636933932	2012-11-21
13.62784375	42.45196875	-0.864298891029302	2012-11-22
18.0886875	38.4109166666667	-0.968699695016725	2012-11-23
22.33921875	32.5961875	-1.1680389583904	2012-11-24
16.8466666666667	29.438	-1.31193411536573	2012-11-25
12.8218229166667	29.7615520833333	-1.29568709070072	2012-11-26
12.63275	29.508375	-1.30836781899017	2012-11-27
13.3128854166667	29.3352604166667	-1.31717338898638	2012-11-28
14.41890625	45.7505729166667	-0.793625176259734	2012-11-29
15.5044791666667	67.7285104166667	-0.507443800670305	2012-11-30
15.3149375	69.2142083333333	-0.495045249108358	2012-12-01
14.891125	69.1902395833333	-0.495240755441224	2012-12-02
15.1533645833333	69.8078125	-0.490249201990092	2012-12-03
14.3674479166667	70.3546979166667	-0.485907219360717	2012-12-04
13.3399791666667	70.32659375	-0.486128590744346	2012-12-05
13.9739375	70.1545833333333	-0.487487621213137	2012-12-06
12.27965625	69.9588333333333	-0.489042915735816	2012-12-07
13.7832708333333	69.6671041666667	-0.491378153186007	2012-12-08
11.8661979166667	69.3194270833333	-0.494188720733725	2012-12-09
15.4538229166667	68.8582708333333	-0.497963511012179	2012-12-10
14.6035833333333	67.8141979166667	-0.506712912022382	2012-12-11
11.60734375	66.4807395833333	-0.518315538286372	2012-12-12
11.78959375	67.9693854166667	-0.505394227968063	2012-12-13
8.78367708333333	69.90284375	-0.489489484722231	2012-12-14
8.75489583333333	70.1994791666667	-0.487132218168464	2012-12-15
9.99111458333333	70.3892291666667	-0.485635481984794	2012-12-16
11.7579791666667	70.3125416666667	-0.486239347445019	2012-12-17
11.77484375	70.43721875	-0.485258310089115	2012-12-18
7.81552083333333	70.7573020833333	-0.482756629231289	2012-12-19
11.9595520833333	70.7843229166667	-0.482546549986412	2012-12-20
10.848	70.5157604166667	-0.484642200626237	2012-12-21
9.18807291666667	69.9339270833333	-0.489241471763513	2012-12-22
11.06	69.1150625	-0.495854894969925	2012-12-23
11.6503229166667	69.5254375	-0.492519733693055	2012-12-24
10.6534166666667	70.7311145833333	-0.482960393434367	2012-12-25
10.4269375	70.7750520833333	-0.482618608719836	2012-12-26
8.56263541666667	70.940125	-0.481338573271079	2012-12-27
10.2603958333333	70.8863854166667	-0.481754589259793	2012-12-28
8.5144375	70.7608333333333	-0.482729165021569	2012-12-29
6.92672916666667	70.9285104166667	-0.481428428486692	2012-12-30
6.76420833333333	70.8336354166667	-0.482163601474559	2012-12-31